1 1 1988 632 -21.92 1.109
2 1 1988 628 -27.4 0.169
3 1 1988 636 -19.04 0.81
4 1 1988 647 -12.3 3.227
5 1 1988 638 -2.04 2.732
6 1 1988 636 -8.36 1.847
7 1 1988 634 -20.11 3.841
8 1 1988 630 -21.32 0.545
9 1 1988 611 -22.37 0.773
10 1 1988 607 -24.96 1.66
11 1 1988 588 -10.12 6.182
12 1 1988 584 -3.57 1.395
13 1 1988 535 -5.05 3.658
14 1 1988 572 -16.76 1.178
15 1 1988 568 -13.03 2.916
16 1 1988 568 -17.06 0.964
17 1 1988 564 -20.04 1.218
18 1 1988 564 -10.54 2.01
19 1 1988 564 -14.28 0.124
20 1 1988 564 -15.8 0.48
21 1 1988 560 -15.08 0.37
22 1 1988 556 -13.27 3.159
23 1 1988 570 -13.86 0.556
24 1 1988 566 -17.4 0.313
25 1 1988 566 -23.14 0.085
26 1 1988 558 -22.41 0.066
27 1 1988 558 -21.61 0.12
28 1 1988 561 -23.37 0.366
29 1 1988 554 -24.46 0.126
30 1 1988 554 -25.93 0.212
31 1 1988 536 -21.97 0.615
1 2 1988 536 -16.1 1.127
2 2 1988 536 -13.91 1.409
3 2 1988 536 -17.91 1.484
4 2 1988 523 -15.09 2.285
5 2 1988 523 -20.55 0.769
6 2 1988 523 -23.39 0.169
7 2 1988 523 -21.08 0.062
8 2 1988 509 -20.83 0.158
9 2 1988 515 -12.14 5.009
10 2 1988 509 -6.73 3.474
11 2 1988 509 -5.56 0.724
12 2 1988 496 -6.09 0.751
13 2 1988 496 -7.31 0.157
14 2 1988 496 -7.78 2.243
15 2 1988 496 -5.97 1.926
16 2 1988 496 -11.54 1.049
17 2 1988 482 -17.71 1.302
18 2 1988 482 -22.1 0.597
19 2 1988 482 -23.92 0.069
20 2 1988 482 -24.71 0.187
21 2 1988 482 -22.06 0.552
22 2 1988 482 -20.36 0.263
23 2 1988 482 -16.71 4.907
24 2 1988 482 -11.53 1.094
25 2 1988 482 -10.72 0.284
26 2 1988 482 -8.26 0.3
27 2 1988 482 -8.58 1.041
28 2 1988 482 -10.02 0.105
29 2 1988 482 -11.12 0.134
1 3 1988 482 -11.11 0.053
2 3 1988 479 -5.78 0.322
3 3 1988 479 -5.02 0.076
4 3 1988 479 -5.81 0.668
5 3 1988 479 -5.26 3.84
6 3 1988 479 -8.94 0.365
7 3 1988 479 -11.92 0.697
8 3 1988 479 -13.64 0.904
9 3 1988 485 -14.62 0.196
10 3 1988 479 -13.87 0.027
11 3 1988 475 -12.62 0.008
12 3 1988 475 -11.62 0.171
13 3 1988 475 -9.45 0.086
14 3 1988 475 -8.44 0.035
15 3 1988 475 -7.19 0.039
16 3 1988 475 -6.16 0.82
17 3 1988 471 -5.44 1.294
18 3 1988 472 -3.94 3.799
19 3 1988 472 -1.46 1.566
20 3 1988 472 0.43 2.472
21 3 1988 472 0.55 0.547
22 3 1988 472 0.16 1.276
23 3 1988 472 -0.31 0.786
24 3 1988 472 0.48 0.38
25 3 1988 472 0.94 0.492
26 3 1988 472 -0.32 0.728
27 3 1988 472 0.15 1.31
28 3 1988 485 0.44 1.991
29 3 1988 488 -8.44 0.784
30 3 1988 491 -6.84 1.538
31 3 1988 488 0.19 1.188
1 4 1988 502 -2.22 0.756
2 4 1988 502 0.02 1.274
3 4 1988 515 2.74 3.364
4 4 1988 536 2.68 3.558
5 4 1988 540 2.01 6.652
6 4 1988 570 -7.03 5.058
7 4 1988 574 -17.44 0.185
8 4 1988 578 -16.35 1.299
9 4 1988 578 -13.22 2.396
10 4 1988 578 -9.83 7.115
11 4 1988 578 -10.29 1.543
12 4 1988 582 -15.33 0.197
13 4 1988 586 -11.48 0.559
14 4 1988 590 -7.32 2.431
15 4 1988 595 -7.68 1.899
16 4 1988 595 -10.8 0.277
17 4 1988 599 -9.16 1.259
18 4 1988 599 -1.12 7.468
19 4 1988 603 -4.67 3.084
20 4 1988 603 -7.46 0.812
21 4 1988 603 -4.31 2.25
22 4 1988 607 -2.27 5.047
23 4 1988 607 -5.25 0.533
24 4 1988 607 -4.29 0.186
25 4 1988 607 -3.74 2.822
26 4 1988 607 -1.6 3.027
27 4 1988 605 -3.54 1.547
28 4 1988 607 -3.89 0.747
29 4 1988 607 -2.14 0.549
30 4 1988 607 -0.73 0.892
1 5 1988 596 -0.66 1.788
2 5 1988 600 -1.18 1.836
3 5 1988 604 -5.26 0.831
4 5 1988 612 -3.31 1.128
5 5 1988 624 2.13 0.565
6 5 1988 632 6.63 3.034
7 5 1988 681 2.22 2.316
8 5 1988 705 -0.52 0.748
9 5 1988 773 -2.36 0.51
10 5 1988 850 -1.38 0.11
11 5 1988 1110 0.94 0.011
12 5 1988 1550 1.98 0.068
13 5 1988 2120 2.95 0.161
14 5 1988 2620 5.9 0.273
15 5 1988 3570 2.1 2.607
16 5 1988 4750 0.77 0.776
17 5 1988 5730 1.06 2.862
18 5 1988 6120 6.32 0.058
19 5 1988 6130 8.97 0.072
20 5 1988 6600 7.16 0.409
21 5 1988 8470 7.51 0.166
22 5 1988 10600 10.24 2.754
23 5 1988 13100 3.95 1.851
24 5 1988 14300 1.03 1.73
25 5 1988 14600 4.45 1.384
26 5 1988 14600 2.18 7.417
27 5 1988 14600 0.2 3.291
28 5 1988 14800 -0 4.064
29 5 1988 15000 0.1 1.206
30 5 1988 15000 0.25 2.563
31 5 1988 14700 0.18 3.075
1 6 1988 14100 3.58 1.925
2 6 1988 13400 5.54 2.483
3 6 1988 12600 8.88 7.062
4 6 1988 11500 7.5 0.232
5 6 1988 10700 11.68 0.023
6 6 1988 10200 14.64 0.373
7 6 1988 10400 11.04 6.304
8 6 1988 11600 3.66 4.777
9 6 1988 13200 4.41 0.241
10 6 1988 14700 9.56 0.278
11 6 1988 15900 7.28 7.874
12 6 1988 16900 6.68 5.141
13 6 1988 17800 7.66 4.95
14 6 1988 18600 7.99 3.979
15 6 1988 19100 7.57 2.744
16 6 1988 19700 6.07 0.233
17 6 1988 20200 9.38 0.051
18 6 1988 20500 13.87 0.002
19 6 1988 20700 16.45 0.002
20 6 1988 20800 19.06 0.004
21 6 1988 20500 19.44 0.157
22 6 1988 20100 17.47 0.152
23 6 1988 19500 14.35 0.001
24 6 1988 18700 12.49 0.004
25 6 1988 17600 15.22 0.003
26 6 1988 16400 18.25 0
27 6 1988 15200 20.07 0.04
28 6 1988 14000 13.24 1.411
29 6 1988 12700 11.62 0.143
30 6 1988 11200 17.85 1.873
1 7 1988 9830 18.33 3.113
2 7 1988 8550 20.51 3.962
3 7 1988 7520 17.43 3.383
4 7 1988 6770 19.2 0.052
5 7 1988 6010 23 0.394
6 7 1988 5470 22.62 1.38
7 7 1988 5010 23.25 1.581
8 7 1988 4670 19.46 0.865
9 7 1988 4550 15.81 0.85
10 7 1988 4510 17.88 0.609
11 7 1988 4480 21.05 0.436
12 7 1988 4400 21.54 1.003
13 7 1988 4210 21.18 0.411
14 7 1988 3980 22.27 0.046
15 7 1988 3760 23.47 0.036
16 7 1988 3570 19.12 0.911
17 7 1988 3390 17.51 0.422
18 7 1988 3200 11.06 0.043
19 7 1988 2950 9.03 0.001
20 7 1988 2750 10.96 0.007
21 7 1988 2580 14.47 6.502
22 7 1988 2430 14.97 0.953
23 7 1988 2300 16.25 5.047
24 7 1988 2230 18.72 9.37
25 7 1988 2150 16.63 9.2
26 7 1988 2110 10.83 4.229
27 7 1988 2060 11.34 5.564
28 7 1988 2090 16.05 0.837
29 7 1988 2180 18.81 3.518
30 7 1988 2190 17.59 1.236
31 7 1988 2160 15.19 0.25
1 8 1988 2120 14.86 0.071
2 8 1988 2090 13.55 0
3 8 1988 2080 14.58 0.002
4 8 1988 2060 15.51 0.017
5 8 1988 2010 15.62 0.05
6 8 1988 1950 14.88 0.377
7 8 1988 1900 15.7 0.133
8 8 1988 1850 16.64 0.678
9 8 1988 1760 17.45 0.875
10 8 1988 1660 16.52 1.768
11 8 1988 1540 15.55 1.49
12 8 1988 1470 14.97 3.634
13 8 1988 1430 14.46 5.257
14 8 1988 1390 12.1 2.291
15 8 1988 1360 10.47 0.384
16 8 1988 1320 10.16 0.558
17 8 1988 1260 12.19 0.912
18 8 1988 1220 13.7 5.621
19 8 1988 1200 10.76 3.367
20 8 1988 1180 7.94 0.726
21 8 1988 1140 9.98 0.553
22 8 1988 1100 14.49 1.351
23 8 1988 1090 12.67 0.402
24 8 1988 1130 11.89 0.547
25 8 1988 1140 9.66 0.819
26 8 1988 1110 7.35 0.264
27 8 1988 1100 8.22 1.978
28 8 1988 1100 8.64 2.112
29 8 1988 1110 10.78 11.503
30 8 1988 1150 11.53 7.367
31 8 1988 1190 7.12 2.424
1 9 1988 1210 7.04 0.072
2 9 1988 1270 7.24 0.109
3 9 1988 1320 8.31 0.352
4 9 1988 1340 8.13 1.598
5 9 1988 1340 8.92 1.462
6 9 1988 1340 8.08 0.314
7 9 1988 1340 6.28 0.25
8 9 1988 1340 5.15 0.042
9 9 1988 1350 7.83 0.036
10 9 1988 1350 9.71 0.044
11 9 1988 1340 8.81 0.939
12 9 1988 1340 7.69 3.603
13 9 1988 1270 4.36 1.071
14 9 1988 1230 1.74 0.52
15 9 1988 1180 1.79 2.533
16 9 1988 1160 2.81 3.383
17 9 1988 1150 5.65 5.13
18 9 1988 1140 4.47 1.349
19 9 1988 1140 3.68 1.475
20 9 1988 1150 2.01 11.182
21 9 1988 1160 0.34 4.009
22 9 1988 1120 0.9 1.242
23 9 1988 1100 0.15 2.229
24 9 1988 1100 0.42 0.98
25 9 1988 1100 5.83 0.316
26 9 1988 1120 7.71 0.849
27 9 1988 1170 7.73 4.01
28 9 1988 1230 8.31 5.453
29 9 1988 1320 7.45 2.078
30 9 1988 1390 8.77 4.97
1 10 1988 1460 6.69 3.159
2 10 1988 1550 2 3.9
3 10 1988 1700 2.24 2.449
4 10 1988 1880 4.83 4.158
5 10 1988 2070 5.33 6.646
6 10 1988 2300 2.66 1.401
7 10 1988 2640 4.46 0.361
8 10 1988 2990 6.44 0.072
9 10 1988 3310 9.65 1.815
10 10 1988 3540 8.94 3.402
11 10 1988 3810 9.49 2.785
12 10 1988 4110 6.29 7.866
13 10 1988 4180 1.03 1.377
14 10 1988 4220 1.74 1.582
15 10 1988 4180 1.15 4.855
16 10 1988 4160 -3.49 0.337
17 10 1988 4210 -0.35 4.529
18 10 1988 4420 2.42 7.011
19 10 1988 4790 -1.88 2.298
20 10 1988 5030 -6.84 1.199
21 10 1988 4970 -5.39 3.159
22 10 1988 4850 -6.63 1.712
23 10 1988 4580 -8.73 0.599
24 10 1988 4220 -7.34 4.585
25 10 1988 3850 -10.17 2.797
26 10 1988 3270 -12.95 0.806
27 10 1988 2640 -7.65 1.66
28 10 1988 2270 -5.85 3.959
29 10 1988 2160 -1.85 5.803
30 10 1988 2000 -7.67 4.002
31 10 1988 1910 -9.72 8.096
1 11 1988 1630 -10.05 3.342
2 11 1988 1450 -9.38 1.023
3 11 1988 1390 -11.76 1.397
4 11 1988 1390 -13.75 2.712
5 11 1988 1380 -15.53 1.596
6 11 1988 1310 -14.98 1.186
7 11 1988 1240 -9.86 3.654
8 11 1988 1180 -14.52 2.693
9 11 1988 1160 -23.16 0.106
10 11 1988 1160 -20.16 0.275
11 11 1988 1160 -10.02 1.926
12 11 1988 1160 -2.92 3.931
13 11 1988 1160 -1.8 2.178
14 11 1988 1150 -5.95 1.166
15 11 1988 1150 -9.92 0.454
16 11 1988 1140 -11.66 0.596
17 11 1988 1120 -5.72 5.145
18 11 1988 1110 -6.82 1.709
19 11 1988 1130 -12.47 1.454
20 11 1988 1110 -7.44 4.319
21 11 1988 1080 -10.55 1.962
22 11 1988 1070 -14.41 0.626
23 11 1988 1080 -16.69 0.445
24 11 1988 1080 -20.27 0.159
25 11 1988 1110 -22.07 0.249
26 11 1988 1100 -16.24 1.502
27 11 1988 1130 -13.91 1.84
28 11 1988 1120 -15.17 0.793
29 11 1988 1150 -19.08 1.511
30 11 1988 1140 -20.99 1.108
1 12 1988 1160 -20.99 2.429
2 12 1988 1160 -20.18 0.797
3 12 1988 1140 -13.33 3.235
4 12 1988 1150 -2.94 3.411
5 12 1988 1140 -6.29 0.943
6 12 1988 1130 -10.84 1.012
7 12 1988 1100 -8.68 0.802
8 12 1988 1080 -7.06 0.911
9 12 1988 1070 -5.83 0.709
10 12 1988 1060 -4.72 2.015
11 12 1988 1040 -6.55 1.624
12 12 1988 1020 -8.59 4.456
13 12 1988 1010 -12.6 0.638
14 12 1988 990 -17 0.526
15 12 1988 977 -17.7 1.248
16 12 1988 968 -18.77 0.408
17 12 1988 954 -14.62 0.985
18 12 1988 945 -10.81 2.625
19 12 1988 936 -9.98 3.34
20 12 1988 927 -9.86 1.838
21 12 1988 918 -12.1 2.162
22 12 1988 880 -17.83 0.781
23 12 1988 867 -15.37 1.016
24 12 1988 854 -12 0.674
25 12 1988 845 -10.47 1.655
26 12 1988 832 -13.38 0.9
27 12 1988 823 -19.61 0.321
28 12 1988 810 -23.94 0.055
29 12 1988 804 -21.77 1.833
30 12 1988 765 -24.57 1.329
31 12 1988 753 -28.54 0.303
